<?xml version="1.0" standalone="no"?>
<!DOCTYPE svg PUBLIC "-//W3C//DTD SVG 20010904//EN"
 "http://www.w3.org/TR/2001/REC-SVG-20010904/DTD/svg10.dtd">
<svg version="1.0" xmlns="http://www.w3.org/2000/svg"
 width="512.000000pt" height="512.000000pt" viewBox="0 0 512.000000 512.000000"
 preserveAspectRatio="xMidYMid meet">
<metadata>
Created by potrace 1.16, written by Peter Selinger 2001-2019
</metadata>
<g transform="translate(0.000000,512.000000) scale(0.100000,-0.100000)"
fill="#000000" stroke="none">
<path d="M2204 4646 c-88 -41 -124 -109 -124 -232 l0 -74 -67 0 c-224 -1 -351
-60 -444 -202 -35 -55 -50 -101 -64 -193 -5 -30 -13 -44 -35 -57 -27 -16 -31
-15 -67 3 -35 19 -53 20 -238 16 -167 -4 -212 -8 -275 -26 -150 -44 -264 -111
-378 -223 -116 -114 -206 -266 -248 -418 -32 -120 -86 -220 -118 -220 -7 0
-25 -9 -40 -21 -33 -26 -34 -70 -5 -156 24 -74 81 -142 138 -168 50 -22 54
-50 15 -101 -38 -49 -53 -100 -53 -174 0 -44 6 -79 20 -110 22 -50 80 -114
120 -136 15 -7 43 -42 64 -80 20 -37 56 -93 80 -123 65 -85 228 -233 338 -307
52 -35 57 -42 57 -74 l0 -36 -87 -11 c-210 -29 -375 -175 -429 -378 -19 -68
-20 -745 -2 -763 17 -17 1849 -17 1866 0 8 8 12 58 12 160 l0 147 39 11 c51
13 155 83 183 122 33 47 28 93 -16 135 -34 34 -76 134 -76 184 0 19 28 19
1123 19 622 0 1150 4 1185 10 141 20 265 111 325 238 l32 67 0 1275 0 1275
-34 70 c-83 168 -226 244 -463 245 l-68 0 0 69 c0 83 -20 145 -63 190 -109
114 -301 87 -375 -54 -9 -18 -17 -65 -20 -117 l-4 -88 -254 0 -254 0 0 61 c0
89 -17 143 -61 193 -105 119 -299 96 -371 -43 -24 -45 -28 -65 -28 -132 l0
-79 -249 0 -248 0 -6 84 c-7 97 -28 147 -81 194 -65 57 -166 68 -252 28z m166
-74 c19 -9 45 -32 57 -51 22 -33 23 -40 23 -300 0 -246 -2 -268 -20 -298 -25
-41 -71 -65 -128 -65 -51 0 -84 20 -120 73 -23 33 -23 36 -20 299 3 255 4 266
25 296 43 60 118 79 183 46z m953 4 c18 -7 45 -28 60 -45 l27 -33 0 -271 c0
-252 -2 -274 -20 -304 -25 -41 -71 -65 -128 -65 -49 0 -81 19 -116 66 -20 26
-21 43 -24 282 -3 234 -1 257 17 298 32 72 111 103 184 72z m995 -12 c13 -8
32 -29 42 -47 18 -30 20 -52 20 -297 0 -245 -2 -267 -20 -297 -53 -87 -198
-83 -245 7 -14 26 -15 70 -13 305 l3 274 30 31 c48 50 126 60 183 24z m-2228
-469 c0 -171 8 -201 67 -257 98 -93 266 -70 338 47 30 48 30 51 33 207 l4 158
259 0 259 0 0 -152 c0 -176 11 -213 76 -266 67 -55 155 -67 234 -31 60 27 79
45 106 104 22 45 24 64 24 198 l0 147 265 0 265 0 0 -155 c0 -134 3 -161 19
-193 85 -165 325 -163 402 3 15 33 19 65 19 194 l0 153 123 -3 c109 -4 128 -7
179 -32 70 -34 149 -119 174 -184 14 -39 18 -89 22 -265 l4 -218 -1356 0
-1356 0 -72 76 c-84 88 -204 171 -308 213 -76 30 -206 61 -256 61 -26 0 -27 1
-21 51 12 100 73 198 153 245 70 41 121 53 237 53 l107 1 0 -155z m2865 -1605
l0 -985 -33 -67 c-36 -73 -87 -124 -161 -160 l-46 -23 -1176 -3 -1176 -2 -6
167 c-7 186 -20 253 -70 347 -31 60 -122 163 -162 184 -19 10 -19 12 -2 39 10
15 34 58 55 95 24 44 46 71 64 79 37 15 95 81 119 133 36 80 20 206 -36 280
-14 19 -25 46 -25 64 0 30 2 32 38 32 21 0 47 6 58 14 18 14 19 28 18 248 -1
261 -10 316 -78 464 -20 42 -36 78 -36 80 0 2 597 3 1328 2 l1327 -3 0 -985z
m-3488 457 c56 -108 168 -205 288 -249 46 -16 89 -23 182 -26 l122 -4 3 -26
c3 -24 9 -28 49 -33 102 -15 170 -73 190 -163 27 -123 -69 -245 -196 -246 -22
0 -45 -4 -51 -8 -6 -4 -21 -38 -33 -76 -106 -331 -417 -543 -766 -523 -125 8
-194 26 -315 84 -81 39 -107 59 -185 137 -95 96 -152 187 -190 306 -23 73 -30
80 -79 80 -108 1 -206 99 -206 207 1 103 101 203 205 203 26 0 45 18 45 42 0
17 15 18 238 18 263 0 296 5 407 63 76 41 182 145 220 219 17 32 32 58 35 58
3 0 20 -28 37 -63z m-435 -1396 c167 -57 400 -51 572 15 17 7 19 3 14 -37 -7
-58 -319 -982 -328 -972 -5 4 -78 216 -164 470 -100 296 -156 476 -156 502 0
23 2 41 3 41 2 0 29 -9 59 -19z m17 -533 c78 -233 141 -426 141 -430 0 -6
-192 189 -269 274 l-42 47 30 16 c17 8 38 27 47 40 15 23 15 27 0 49 -13 21
-25 25 -73 28 l-58 3 -52 180 c-29 99 -53 183 -53 187 0 13 63 26 126 27 l62
1 141 -422z m782 412 l36 -10 -43 -153 c-25 -83 -49 -169 -55 -189 l-10 -38
-57 0 c-65 0 -82 -11 -82 -52 0 -22 9 -33 40 -53 22 -14 40 -28 40 -31 0 -8
-303 -324 -307 -320 -3 2 253 769 282 844 5 15 104 16 156 2z m-1126 -245 c53
-183 68 -215 102 -215 15 0 17 -16 3 -25 -5 -3 -10 -21 -10 -38 0 -28 26 -59
195 -236 107 -112 195 -208 195 -213 0 -4 -168 -7 -377 -6 l-378 3 0 325 c0
367 2 381 76 484 39 55 131 135 136 119 2 -4 27 -93 58 -198z m1337 122 c47
-49 95 -145 108 -218 6 -31 9 -179 8 -345 l-3 -289 -383 -3 c-238 -1 -382 1
-380 7 1 5 87 98 191 205 103 108 192 207 198 220 9 19 8 31 -4 55 -14 29 -14
31 2 31 33 0 49 34 101 215 28 99 53 186 55 193 6 17 51 -14 107 -71z"/>
<path d="M3200 3142 c-30 -16 -48 -43 -121 -187 -47 -92 -92 -171 -100 -175
-8 -4 -86 -18 -174 -30 -88 -12 -175 -29 -193 -37 -63 -29 -95 -107 -73 -175
7 -21 57 -80 141 -163 97 -97 130 -136 130 -155 0 -13 -12 -95 -26 -181 -31
-181 -28 -211 22 -260 32 -31 40 -34 97 -34 58 1 71 6 204 78 78 42 153 77
166 77 12 0 91 -36 174 -80 123 -65 159 -80 195 -80 55 0 105 31 131 80 21 40
20 54 -17 264 -21 121 -23 143 -11 165 7 14 59 68 115 120 124 115 152 154
152 215 0 105 -52 136 -272 167 -85 12 -163 27 -174 33 -10 6 -55 84 -100 171
-63 125 -88 165 -115 183 -42 27 -103 29 -151 4z m110 -70 c13 -10 59 -90 104
-178 63 -123 88 -163 111 -176 17 -9 97 -26 180 -38 83 -12 165 -26 183 -32
37 -11 58 -45 49 -80 -4 -13 -65 -81 -136 -151 -104 -102 -132 -135 -137 -163
-4 -22 4 -102 22 -210 30 -188 30 -196 -19 -224 -25 -14 -33 -11 -196 73 -101
51 -182 87 -200 87 -16 0 -58 -15 -93 -34 -241 -127 -268 -139 -297 -126 -50
20 -51 39 -20 225 18 101 27 184 23 205 -5 28 -33 62 -140 170 -113 115 -134
141 -134 166 0 53 23 63 202 89 89 14 168 25 175 25 7 0 28 14 48 31 25 22 57
76 109 184 85 177 111 202 166 157z"/>
<path d="M830 2580 c-8 -5 -27 -10 -41 -10 -36 0 -40 -8 -24 -41 10 -18 15
-58 15 -114 0 -82 1 -88 29 -116 33 -32 58 -36 100 -14 38 19 41 30 41 151 0
98 -2 107 -25 129 -25 26 -68 32 -95 15z"/>
<path d="M1664 2567 c-27 -24 -29 -30 -32 -114 -6 -138 30 -195 110 -178 46
10 62 47 69 154 4 53 10 106 14 117 6 19 2 22 -29 28 -20 3 -51 9 -69 12 -27
5 -40 1 -63 -19z"/>
<path d="M1100 2075 c-25 -30 11 -99 69 -133 59 -34 175 -38 236 -6 79 41 115
145 54 152 -22 3 -30 -3 -45 -35 -24 -47 -54 -63 -124 -63 -62 0 -120 28 -120
58 0 38 -46 56 -70 27z"/>
</g>
</svg>
